(0, 0) => [4 5 ]
(0, 1) => [9 ]
(0, 2) => [2 5 ]
(0, 3) => [3 4 5 ]
(0, 4) => [7 ]
(0, 5) => [1 3 4 5 ]
(0, 6) => [1 3 4 ]
(0, 7) => [8 ]
(0, 8) => [4 6 ]
(1, 0) => [4 5 7 8 ]
(1, 1) => [2 4 6 7 8 ]
(1, 2) => [2 5 7 ]
(1, 3) => [3 4 5 ]
(1, 4) => [1 2 3 4 5 9 ]
(1, 5) => [1 3 4 5 9 ]
(1, 6) => [1 3 4 7 ]
(1, 7) => [1 4 6 7 ]
(1, 8) => [4 6 7 9 ]
(2, 0) => [3 ]
(2, 1) => [4 7 ]
(2, 2) => [1 ]
(2, 3) => [8 ]
(2, 4) => [4 9 ]
(2, 5) => [6 ]
(2, 6) => [2 ]
(2, 7) => [4 7 ]
(2, 8) => [5 ]
(3, 0) => [4 9 ]
(3, 1) => [3 ]
(3, 2) => [8 ]
(3, 3) => [1 ]
(3, 4) => [4 5 9 ]
(3, 5) => [7 ]
(3, 6) => [6 ]
(3, 7) => [2 ]
(3, 8) => [4 ]
(4, 0) => [2 ]
(4, 1) => [4 7 ]
(4, 2) => [7 9 ]
(4, 3) => [3 4 5 6 ]
(4, 4) => [3 4 5 6 9 ]
(4, 5) => [3 4 5 9 ]
(4, 6) => [4 7 8 ]
(4, 7) => [4 5 7 ]
(4, 8) => [1 ]
(5, 0) => [1 4 7 ]
(5, 1) => [5 ]
(5, 2) => [6 ]
(5, 3) => [2 ]
(5, 4) => [4 ]
(5, 5) => [8 ]
(5, 6) => [9 ]
(5, 7) => [3 ]
(5, 8) => [4 7 ]
(6, 0) => [6 ]
(6, 1) => [7 8 ]
(6, 2) => [4 ]
(6, 3) => [9 ]
(6, 4) => [1 ]
(6, 5) => [2 ]
(6, 6) => [5 ]
(6, 7) => [1 7 ]
(6, 8) => [3 ]
(7, 0) => [5 7 8 9 ]
(7, 1) => [2 7 8 ]
(7, 2) => [2 3 5 7 9 ]
(7, 3) => [3 4 5 6 7 ]
(7, 4) => [1 3 4 5 6 ]
(7, 5) => [1 3 4 5 ]
(7, 6) => [1 4 7 8 ]
(7, 7) => [1 4 6 7 ]
(7, 8) => [2 4 6 7 8 ]
(8, 0) => [5 7 ]
(8, 1) => [1 ]
(8, 2) => [2 3 5 7 ]
(8, 3) => [3 4 5 6 7 ]
(8, 4) => [8 ]
(8, 5) => [3 4 5 ]
(8, 6) => [4 7 ]
(8, 7) => [9 ]
(8, 8) => [2 4 6 7 ]