0  0  0  0  3  24 0  0  0  13 0  4  0  23 0  0  17 0  0  0  0  0  1  9  15 
0  0  19 0  5  16 0  0  0  23 0  13 12 0  0  24 0  0  9  0  3  2  0  0  0  
16 0  0  0  6  4  15 0  0  0  7  19 20 0  0  0  0  14 5  0  0  0  0  17 0  
2  9  0  15 10 0  0  12 0  0  17 0  24 0  0  3  4  22 13 0  0  0  8  0  0  
8  0  20 7  1  0  0  17 0  0  15 5  3  21 0  0  0  6  12 0  13 0  0  24 11 
25 0  0  0  11 12 8  0  0  0  0  24 16 20 0  6  0  0  0  0  0  9  5  22 0  
0  0  0  0  22 0  0  0  6  0  12 0  0  9  17 0  24 0  2  0  7  13 0  15 0  
0  0  9  20 0  0  0  0  5  15 13 0  4  0  7  12 0  16 0  0  21 10 11 19 8  
0  12 8  0  2  23 24 7  0  22 0  6  25 5  0  0  0  0  20 0  14 1  16 0  3  
0  0  0  5  0  20 9  0  13 11 8  15 0  22 0  7  14 1  0  23 24 0  0  6  12 
20 0  24 0  0  0  3  0  9  0  4  1  13 15 0  14 6  12 0  0  8  0  23 0  0  
5  22 0  0  0  19 11 0  20 0  0  0  18 16 24 10 0  23 21 13 12 0  17 2  0  
0  0  21 0  0  0  10 18 14 0  0  9  0  0  6  2  0  3  0  0  0  0  24 4  0  
1  19 25 0  0  13 2  0  4  0  21 7  0  10 11 0  18 0  0  22 0  15 0  3  0  
0  11 10 0  0  1  6  23 0  25 14 0  17 0  2  0  0  0  8  24 5  0  13 0  21 
7  0  0  0  8  0  0  3  15 19 0  17 0  0  25 0  1  0  0  0  0  0  0  0  24 
0  3  6  0  25 17 12 9  0  10 0  11 21 0  0  0  0  0  0  2  0  0  15 8  0  
0  0  15 17 19 0  25 4  1  0  0  14 6  2  0  0  0  5  0  0  18 0  3  23 0  
11 16 0  0  14 0  0  5  23 0  0  0  0  24 20 19 21 10 15 25 0  4  0  13 17 
0  0  0  23 21 14 0  0  0  6  9  0  0  0  15 0  0  0  0  0  0  11 19 0  0  
0  8  5  4  0  25 21 0  3  0  24 0  22 17 18 11 16 19 6  15 2  23 0  7  0  
19 0  0  21 20 0  0  22 11 5  0  0  0  7  0  13 0  0  0  3  0  0  14 1  0  
3  14 0  1  15 7  0  0  16 0  0  0  0  25 0  17 22 0  4  0  11 0  0  5  6  
0  0  16 0  0  6  17 0  0  0  5  0  14 0  4  1  20 24 0  21 0  3  12 25 22 
0  6  0  25 24 15 0  0  2  0  11 23 1  0  0  0  5  9  18 14 0  0  21 0  19 
