0  0  0  11 3  14 0  22 0  7  23 0  15 0  1  0  12 18 0  5  13 0  10 21 20 
7  5  22 0  18 0  0  4  19 15 0  14 25 10 20 0  0  0  0  0  0  0  16 0  0  
25 0  2  16 0  0  3  0  11 0  0  0  0  22 17 0  7  15 0  0  0  5  0  19 0  
21 0  0  13 20 24 0  0  23 1  0  9  11 0  5  0  0  0  19 6  0  15 0  7  0  
14 0  0  15 17 16 5  10 0  20 19 2  7  0  0  22 24 0  21 3  0  0  0  18 0  
6  0  0  0  7  15 13 0  0  10 0  0  23 0  9  0  0  12 0  0  25 14 1  2  3  
0  11 0  0  0  7  14 0  18 0  21 0  4  25 8  13 3  16 24 0  9  0  15 20 0  
0  0  0  24 5  0  0  11 20 12 10 16 14 13 0  7  0  0  25 0  0  23 0  0  21 
0  0  0  0  19 0  0  0  3  25 0  18 2  24 0  0  9  0  0  0  0  11 0  4  10 
0  25 16 0  9  0  19 23 17 2  0  3  20 7  0  4  11 10 0  0  24 13 5  0  18 
5  0  4  0  15 2  1  0  0  0  9  0  13 0  14 0  21 0  18 24 11 0  0  0  23 
8  0  25 2  14 17 0  13 21 0  18 19 0  4  0  1  0  11 23 12 0  0  0  6  0  
0  0  0  20 1  11 0  0  5  6  25 0  0  23 0  17 4  19 16 0  0  10 0  0  0  
16 0  0  10 6  22 0  3  0  0  0  0  12 11 2  8  15 0  14 0  19 9  0  0  0  
17 13 24 23 11 0  0  12 10 14 8  5  0  0  22 3  0  2  0  0  0  0  0  15 4  
0  0  5  0  0  20 0  24 0  0  0  0  19 0  13 0  0  17 11 4  7  0  0  10 0  
20 0  0  25 4  0  0  14 12 21 0  0  0  0  23 16 0  7  5  18 0  0  19 0  0  
0  0  0  0  16 5  0  0  0  0  6  0  0  0  18 0  0  0  0  0  21 3  0  24 0  
12 0  0  0  13 0  0  25 0  16 11 4  0  2  0  15 0  0  0  0  23 0  14 8  5  
15 19 0  0  23 0  0  6  7  13 0  21 17 9  25 24 2  1  0  22 20 0  4  11 16 
0  0  0  17 0  0  0  7  0  5  4  0  0  8  11 0  0  0  0  0  0  0  20 0  0  
11 14 9  8  0  6  20 0  0  19 7  0  0  1  0  23 22 0  0  15 0  0  0  0  0  
3  0  0  1  0  25 0  0  0  0  0  17 16 21 24 0  0  0  13 0  0  0  0  23 0  
13 0  7  0  22 0  0  0  0  3  0  6  0  0  0  12 17 0  0  0  0  0  0  0  11 
19 16 6  0  0  1  0  8  13 0  0  0  22 0  10 20 0  14 3  11 15 24 9  25 0  
