0  3  14 21 17 16 15 0  0  0  0  4  11 13 0  25 0  12 0  0  18 0  9  22 0  
15 2  0  5  0  0  0  0  21 0  24 16 10 0  25 0  0  0  22 8  14 0  0  11 1  
0  12 18 0  16 11 0  23 6  0  22 0  0  14 0  0  4  0  0  3  2  25 7  19 0  
0  0  0  22 4  0  25 18 0  8  0  15 20 9  12 6  0  0  0  0  21 0  13 24 3  
13 0  0  9  7  22 1  24 0  14 0  0  8  3  18 0  0  0  23 16 15 17 0  0  0  
0  0  0  4  0  0  21 15 22 13 12 6  0  0  16 0  0  18 0  9  24 0  0  0  0  
0  0  15 0  1  2  0  7  17 0  19 0  9  0  22 13 24 0  0  25 12 18 0  6  23 
18 10 23 3  0  0  11 19 9  0  0  13 24 0  0  0  8  0  0  6  0  22 0  0  0  
0  0  16 24 0  0  12 6  0  25 3  7  15 0  0  23 17 19 20 4  0  0  0  13 0  
8  13 0  0  0  0  14 3  24 16 4  18 17 0  20 12 22 11 7  0  0  15 10 5  2  
0  5  0  0  11 15 0  0  19 0  0  12 0  0  0  0  0  0  0  7  0  9  0  23 24 
6  17 10 0  0  24 0  0  0  23 0  0  0  0  0  18 0  3  0  0  1  13 0  0  0  
0  0  1  0  13 25 18 0  0  0  0  10 2  6  3  0  15 0  5  0  0  0  4  0  0  
12 0  2  0  0  0  0  21 4  0  0  9  1  23 0  0  25 0  6  24 0  19 0  8  0  
20 0  0  23 18 7  0  9  3  0  8  0  25 0  14 2  0  21 4  11 10 6  5  0  0  
0  0  12 0  15 0  0  0  0  0  0  0  0  0  9  0  0  23 0  17 5  14 22 0  7  
0  0  0  10 14 6  0  5  0  0  0  2  0  0  15 0  3  0  1  0  0  4  0  0  13 
0  0  0  1  0  10 0  14 0  0  0  0  0  12 8  0  6  0  0  0  0  23 18 2  0  
0  0  0  0  2  0  23 0  0  24 1  14 18 0  0  19 9  13 0  22 0  0  3  10 15 
19 0  0  0  0  0  0  2  0  0  0  0  0  0  0  0  16 8  0  10 0  0  0  1  20 
14 0  4  13 0  18 0  25 0  7  15 23 0  8  19 0  20 6  0  0  9  10 16 0  0  
0  18 0  0  0  0  0  12 2  15 9  0  0  0  0  10 0  1  24 0  11 0  21 25 22 
1  0  0  12 5  9  19 16 13 0  25 20 22 10 6  0  0  0  0  0  7  0  24 0  0  
9  25 24 0  8  3  0  4  10 21 0  0  14 0  0  7  0  0  12 13 23 0  0  20 0  
11 7  0  2  0  14 0  22 0  0  17 0  0  0  0  16 5  25 9  18 0  0  19 15 4  
