0  12 23 0  25 0  15 7  0  11 14 16 0  0  0  0  0  0  0  21 0  20 2  0  1  
16 19 7  0  0  0  0  0  14 0  4  11 2  20 0  23 0  0  0  1  6  0  25 0  0  
0  0  18 0  0  0  0  0  1  0  7  12 0  10 0  16 0  0  14 0  0  9  24 0  0  
17 20 6  11 0  16 23 21 3  0  0  25 1  24 0  0  9  4  0  2  13 0  19 0  0  
3  1  9  14 10 2  0  0  0  0  0  19 5  22 6  0  0  0  11 25 0  0  0  8  0  
0  18 16 0  8  12 0  0  17 6  0  5  9  0  19 0  0  14 1  0  15 21 20 0  4  
1  0  0  7  24 0  5  0  0  0  0  10 12 25 0  20 23 0  0  0  8  0  0  17 6  
12 17 5  20 22 15 0  3  0  0  2  1  8  6  14 13 21 18 16 4  7  19 0  23 0  
0  0  0  4  0  0  8  0  0  21 13 0  15 17 0  25 0  0  10 7  2  24 0  0  22 
14 0  19 0  0  0  0  1  9  0  0  0  0  0  22 17 0  15 6  0  3  0  13 0  11 
21 4  14 0  3  0  0  0  0  12 0  17 0  0  0  10 0  8  20 9  11 0  5  0  13 
2  0  10 19 0  0  0  17 11 0  1  13 0  0  0  0  0  0  24 12 0  25 0  0  0  
24 0  20 0  0  0  6  13 7  19 0  8  0  0  21 0  5  16 0  11 0  0  0  14 0  
0  0  0  0  12 0  0  9  0  2  0  0  11 14 0  0  0  0  0  0  0  0  15 0  0  
5  8  0  6  9  0  22 18 0  14 0  2  10 0  0  15 0  25 13 23 0  4  21 1  7  
0  9  0  0  1  0  0  15 0  4  6  24 23 0  0  18 16 17 0  0  19 0  0  0  25 
0  10 22 15 18 0  0  6  5  7  17 14 21 13 4  0  2  23 0  0  0  8  0  0  16 
0  0  0  0  6  0  0  0  21 0  16 9  0  0  12 22 0  19 0  24 14 2  0  15 5  
19 3  0  8  14 0  16 0  2  0  0  22 7  0  0  0  0  0  0  5  20 18 6  13 0  
4  24 2  0  21 0  0  0  0  0  5  0  0  0  1  0  14 0  15 0  0  11 0  0  0  
18 0  0  0  17 0  4  8  0  15 10 0  22 0  5  2  0  9  0  14 25 1  23 3  20 
0  7  21 0  0  14 0  24 23 0  12 4  18 2  25 0  20 0  3  0  0  17 0  10 8  
0  0  0  2  0  0  0  19 6  18 0  23 3  0  0  24 0  11 0  16 0  0  7  4  21 
0  0  4  12 15 9  3  11 0  5  0  0  0  21 0  0  6  1  0  0  0  0  14 0  2  
23 5  0  3  0  7  0  0  0  0  0  0  0  0  0  0  0  0  0  0  12 0  0  0  19 
