11 20 0  22 0  0  5  1  0  0  23 2  0  15 4  25 0  17 0  10 0  0  0  3  0  
0  2  24 7  9  13 0  11 0  0  0  0  0  3  0  1  14 15 0  19 16 0  23 8  0  
3  18 0  23 0  9  0  22 0  25 14 7  8  0  13 11 4  21 20 6  0  0  0  1  0  
0  0  0  0  0  0  0  0  23 17 11 1  21 0  19 16 0  2  0  5  0  0  0  22 18 
17 0  0  25 0  2  3  4  0  0  22 18 9  16 5  0  23 7  8  13 11 0  0  15 14 
0  5  15 0  23 25 21 0  2  0  13 17 0  10 7  18 0  0  0  0  0  0  0  16 8  
9  0  0  3  0  17 16 18 0  0  0  0  0  22 15 10 5  23 1  0  0  0  2  0  21 
16 24 20 17 1  5  7  23 0  6  2  9  0  14 0  0  0  8  0  0  10 0  3  0  22 
8  14 0  21 0  1  0  0  22 15 0  0  20 11 0  17 6  19 7  0  0  0  18 9  5  
22 7  18 0  0  14 0  3  0  0  0  5  0  8  0  0  0  25 0  24 0  15 0  0  23 
6  0  7  0  24 0  0  0  0  0  0  22 0  0  3  0  0  0  0  20 14 1  25 0  15 
0  19 16 15 0  24 0  0  0  0  0  8  0  0  21 9  0  0  14 0  0  17 12 5  7  
0  0  0  0  0  7  22 12 0  0  0  0  19 0  0  2  0  3  18 0  0  0  0  0  0  
0  0  0  2  11 3  23 0  0  0  0  24 7  18 0  5  17 10 6  0  0  13 0  0  19 
0  0  3  4  17 0  0  19 0  2  0  14 13 6  10 7  0  0  12 1  0  0  0  18 0  
12 6  17 0  0  4  19 16 7  0  0  0  10 0  0  0  0  0  15 18 0  0  0  23 0  
0  0  0  11 0  0  13 21 10 0  0  0  0  1  0  19 0  0  0  17 0  6  0  0  0  
2  8  0  9  22 18 11 17 0  0  3  0  0  0  0  13 7  0  0  16 0  0  0  20 10 
7  0  19 0  0  12 0  25 0  0  0  20 5  0  0  14 3  0  10 0  0  8  0  24 13 
10 23 1  0  0  15 0  2  8  0  0  0  0  0  18 22 0  0  5  9  21 0  4  0  0  
23 0  11 5  0  0  0  0  25 0  18 0  15 0  0  24 0  0  0  0  8  3  0  0  0  
24 16 0  12 3  11 17 0  13 14 0  0  22 0  0  20 0  0  21 8  0  0  0  25 2  
0  0  0  20 0  22 24 0  0  0  0  13 23 0  17 3  12 0  11 2  0  21 0  0  0  
0  13 0  8  21 20 0  0  0  0  0  12 14 19 24 15 25 9  17 4  7  0  11 0  16 
25 15 0  18 2  0  4  0  21 12 0  0  0  0  11 0  0  0  23 0  0  22 5  17 24 
