8  12 23 24 25 6  15 7  4  11 14 16 13 18 9  19 22 3  17 21 10 20 2  5  1  
16 19 7  21 13 24 17 22 14 9  4  11 2  20 3  23 8  10 5  1  6  12 25 18 15 
15 2  18 22 4  25 19 5  1  8  7  12 17 10 23 16 13 6  14 20 21 9  24 11 3  
17 20 6  11 5  16 23 21 3  10 15 25 1  24 8  12 9  4  18 2  13 7  19 22 14 
3  1  9  14 10 2  12 20 18 13 21 19 5  22 6  7  15 24 11 25 4  23 16 8  17 
13 18 16 23 8  12 10 2  17 6  24 5  9  7  19 3  11 14 1  22 15 21 20 25 4  
1  21 15 7  24 13 5  4  16 22 3  10 12 25 11 20 23 2  9  19 8  14 18 17 6  
12 17 5  20 22 15 11 3  25 24 2  1  8  6  14 13 21 18 16 4  7  19 10 23 9  
9  6  3  4  11 23 8  14 19 21 13 20 15 17 18 25 12 5  10 7  2  24 1  16 22 
14 25 19 10 2  18 7  1  9  20 23 21 16 4  22 17 24 15 6  8  3  5  13 12 11 
21 4  14 18 3  1  25 16 15 12 22 17 24 23 7  10 19 8  20 9  11 6  5  2  13 
2  16 10 19 7  4  21 17 11 23 1  13 6  5  15 14 3  22 24 12 9  25 8  20 18 
24 15 20 25 23 10 6  13 7  19 18 8  4  9  21 1  5  16 2  11 17 3  22 14 12 
22 13 17 1  12 5  20 9  8  2  25 3  11 14 16 21 18 7  4  6  24 10 15 19 23 
5  8  11 6  9  3  22 18 24 14 19 2  10 12 20 15 17 25 13 23 16 4  21 1  7  
11 9  12 5  1  20 14 15 13 4  6  24 23 8  2  18 16 17 7  10 19 22 3  21 25 
20 10 22 15 18 19 24 6  5  7  17 14 21 13 4  11 2  23 25 3  1  8  12 9  16 
7  23 13 17 6  11 18 10 21 25 16 9  20 3  12 22 1  19 8  24 14 2  4  15 5  
19 3  25 8  14 17 16 23 2  1  11 22 7  15 10 9  4  12 21 5  20 18 6  13 24 
4  24 2  16 21 8  9  12 22 3  5  18 25 19 1  6  14 20 15 13 23 11 17 7  10 
18 11 24 13 17 21 4  8  12 15 10 6  22 16 5  2  7  9  19 14 25 1  23 3  20 
6  7  21 9  19 14 1  24 23 16 12 4  18 2  25 5  20 13 3  15 22 17 11 10 8  
10 14 8  2  20 22 13 19 6  18 9  23 3  1  17 24 25 11 12 16 5  15 7  4  21 
25 22 4  12 15 9  3  11 10 5  20 7  19 21 13 8  6  1  23 17 18 16 14 24 2  
23 5  1  3  16 7  2  25 20 17 8  15 14 11 24 4  10 21 22 18 12 13 9  6  19 
