4  9  19 11 3  14 2  22 6  7  23 24 15 16 1  25 12 18 17 5  13 8  10 21 20 
7  5  22 6  18 12 21 4  19 15 13 14 25 10 20 11 23 9  2  8  1  17 16 3  24 
25 10 2  16 24 13 3  9  11 18 12 8  21 22 17 14 7  15 20 1  4  5  23 19 6  
21 8  12 13 20 24 25 17 23 1  3  9  11 18 5  10 16 4  19 6  14 15 22 7  2  
14 23 1  15 17 16 5  10 8  20 19 2  7  6  4  22 24 13 21 3  12 25 11 18 9  
6  20 8  4  7  15 13 16 24 10 17 11 23 5  9  18 19 12 22 21 25 14 1  2  3  
10 11 17 12 2  7  14 5  18 22 21 1  4  25 8  13 3  16 24 23 9  6  15 20 19 
18 3  15 24 5  4  9  11 20 12 10 16 14 13 19 7  1  6  25 2  17 23 8  22 21 
23 21 13 14 19 8  6  1  3  25 22 18 2  24 12 5  9  20 15 17 16 11 7  4  10 
1  25 16 22 9  21 19 23 17 2  15 3  20 7  6  4  11 10 8  14 24 13 5  12 18 
5  12 4  19 15 2  1  20 25 8  9  10 13 17 14 6  21 22 18 24 11 7  3  16 23 
8  7  25 2  14 17 15 13 21 9  18 19 3  4  16 1  10 11 23 12 5  20 24 6  22 
9  22 3  20 1  11 7  18 5  6  25 15 24 23 21 17 4  19 16 13 2  10 12 14 8  
16 18 21 10 6  22 23 3  4  24 1  7  12 11 2  8  15 5  14 20 19 9  17 13 25 
17 13 24 23 11 19 16 12 10 14 8  5  6  20 22 3  25 2  7  9  18 1  21 15 4  
2  6  5  9  8  20 22 24 15 23 16 12 19 3  13 21 14 17 11 4  7  18 25 10 1  
20 1  10 25 4  3  11 14 12 21 24 22 8  15 23 16 13 7  5  18 6  2  19 9  17 
22 17 11 7  16 5  10 19 2  4  6  20 1  14 18 9  8  23 12 25 21 3  13 24 15 
12 24 18 21 13 9  17 25 1  16 11 4  10 2  7  15 20 3  6  19 23 22 14 8  5  
15 19 14 3  23 18 8  6  7  13 5  21 17 9  25 24 2  1  10 22 20 12 4  11 16 
24 15 23 17 25 10 12 7  22 5  4  13 18 8  11 2  6  21 9  16 3  19 20 1  14 
11 14 9  8  12 6  20 2  16 19 7  25 5  1  3  23 22 24 4  15 10 21 18 17 13 
3  2  20 1  10 25 18 15 9  11 14 17 16 21 24 19 5  8  13 7  22 4  6  23 12 
13 4  7  18 22 23 24 21 14 3  20 6  9  19 15 12 17 25 1  10 8  16 2  5  11 
19 16 6  5  21 1  4  8  13 17 2  23 22 12 10 20 18 14 3  11 15 24 9  25 7  
