24 3  14 21 17 16 15 10 5  2  6  4  11 13 23 25 7  12 19 1  18 20 9  22 8  
15 2  6  5  19 17 4  13 21 3  24 16 10 7  25 9  18 20 22 8  14 12 23 11 1  
10 12 18 8  16 11 9  23 6  20 22 17 21 14 1  15 4  24 13 3  2  25 7  19 5  
23 1  11 22 4  19 25 18 7  8  2  15 20 9  12 6  14 17 10 5  21 16 13 24 3  
13 20 25 9  7  22 1  24 12 14 5  19 8  3  18 21 11 2  23 16 15 17 6  4  10 
17 19 7  4  20 8  21 15 22 13 12 6  23 2  16 5  10 18 14 9  24 1  11 3  25 
5  21 15 14 1  2  10 7  17 4  19 8  9  11 22 13 24 16 3  25 12 18 20 6  23 
18 10 23 3  12 20 11 19 9  5  14 13 24 25 21 1  8  15 2  6  4  22 17 7  16 
2  11 16 24 22 1  12 6  18 25 3  7  15 5  10 23 17 19 20 4  8  21 14 13 9  
8  13 9  6  25 23 14 3  24 16 4  18 17 1  20 12 22 11 7  21 19 15 10 5  2  
4  5  8  25 11 15 6  20 19 10 21 12 13 18 17 22 1  14 16 7  3  9  2  23 24 
6  17 10 7  9  24 2  11 14 23 20 22 4  15 5  18 12 3  8  19 1  13 25 16 21 
21 24 1  19 13 25 18 17 8  12 16 10 2  6  3  20 15 9  5  23 22 7  4  14 11 
12 14 2  16 3  13 5  21 4  22 11 9  1  23 7  17 25 10 6  24 20 19 15 8  18 
20 15 22 23 18 7  16 9  3  1  8  24 25 19 14 2  13 21 4  11 10 6  5  12 17 
3  8  12 11 15 4  13 1  16 19 10 25 6  20 9  24 2  23 18 17 5  14 22 21 7  
25 16 21 10 14 6  22 5  20 18 23 2  19 24 15 11 3  7  1  12 17 4  8  9  13 
22 9  13 1  24 10 3  14 11 17 7  21 16 12 8  4  6  5  15 20 25 23 18 2  19 
7  6  5  20 2  12 23 8  25 24 1  14 18 17 4  19 9  13 21 22 16 11 3  10 15 
19 4  17 18 23 21 7  2  15 9  13 5  3  22 11 14 16 8  25 10 6  24 12 1  20 
14 22 4  13 21 18 24 25 1  7  15 23 5  8  19 3  20 6  11 2  9  10 16 17 12 
16 18 19 17 6  5  20 12 2  15 9  3  7  4  13 10 23 1  24 14 11 8  21 25 22 
1  23 3  12 5  9  19 16 13 11 25 20 22 10 6  8  21 4  17 15 7  2  24 18 14 
9  25 24 15 8  3  17 4  10 21 18 11 14 16 2  7  19 22 12 13 23 5  1  20 6  
11 7  20 2  10 14 8  22 23 6  17 1  12 21 24 16 5  25 9  18 13 3  19 15 4  
