11 20 21 22 16 8  5  1  14 7  23 2  6  15 4  25 18 17 24 10 13 12 19 3  9  
5  2  24 7  9  13 18 11 12 21 10 25 17 3  20 1  14 15 22 19 16 4  23 8  6  
3  18 12 23 19 9  15 22 16 25 14 7  8  24 13 11 4  21 20 6  5  2  10 1  17 
15 4  13 14 8  6  20 10 23 17 11 1  21 12 19 16 9  2  3  5  25 7  24 22 18 
17 1  10 25 6  2  3  4  19 24 22 18 9  16 5  12 23 7  8  13 11 20 21 15 14 
4  5  15 6  23 25 21 24 2  19 13 17 3  10 7  18 20 14 9  22 12 11 1  16 8  
9  11 25 3  13 17 16 18 20 8  19 4  24 22 15 10 5  23 1  12 6  14 2  7  21 
16 24 20 17 1  5  7  23 4  6  2  9  18 14 12 21 15 8  13 11 10 25 3  19 22 
8  14 2  21 10 1  12 13 22 15 16 23 20 11 25 17 6  19 7  3  4  24 18 9  5  
22 7  18 19 12 14 10 3  9  11 21 5  1  8  6  4  16 25 2  24 17 15 20 13 23 
6  12 7  10 24 21 8  9  5  18 4  22 11 17 3  23 13 16 19 20 14 1  25 2  15 
13 19 16 15 18 24 6  20 11 10 1  8  2  23 21 9  22 4  14 25 3  17 12 5  7  
14 9  23 1  5  7  22 12 17 13 20 15 19 25 16 2  11 3  18 21 24 10 8  6  4  
20 25 8  2  11 3  23 14 1  4  12 24 7  18 9  5  17 10 6  15 22 13 16 21 19 
21 22 3  4  17 16 25 19 15 2  5  14 13 6  10 7  8  24 12 1  20 23 9  18 11 
12 6  17 24 20 4  19 16 7  3  9  11 10 13 14 8  21 1  15 18 2  5  22 23 25 
18 3  5  11 15 23 13 21 10 22 24 16 4  1  8  19 2  20 25 17 9  6  7  14 12 
2  8  14 9  22 18 11 17 24 5  3  6  25 21 23 13 7  12 4  16 1  19 15 20 10 
7  21 19 16 4  12 1  25 6  9  15 20 5  2  22 14 3  11 10 23 18 8  17 24 13 
10 23 1  13 25 15 14 2  8  20 17 19 12 7  18 22 24 6  5  9  21 16 4  11 3  
23 17 11 5  14 19 9  6  25 1  18 21 15 4  2  24 10 22 16 7  8  3  13 12 20 
24 16 4  12 3  11 17 15 13 14 7  10 22 5  1  20 19 18 21 8  23 9  6  25 2  
19 10 6  20 7  22 24 8  18 16 25 13 23 9  17 3  12 5  11 2  15 21 14 4  1  
1  13 22 8  21 20 2  5  3  23 6  12 14 19 24 15 25 9  17 4  7  18 11 10 16 
25 15 9  18 2  10 4  7  21 12 8  3  16 20 11 6  1  13 23 14 19 22 5  17 24 
