18 21 11 12 3  24 5  6  22 13 2  4  10 23 8  25 17 7  16 20 19 14 1  9  15 
17 25 19 14 5  16 20 11 21 23 18 13 12 6  22 24 8  15 9  1  3  2  7  10 4  
16 13 22 24 6  4  15 8  10 3  7  19 20 1  9  21 2  14 5  11 23 12 25 17 18 
2  9  23 15 10 18 14 12 7  1  17 25 24 11 16 3  4  22 13 19 6  5  8  21 20 
8  4  20 7  1  9  19 17 25 2  15 5  3  21 14 23 10 6  12 18 13 16 22 24 11 
25 7  3  13 11 12 8  14 18 4  23 24 16 20 1  6  15 21 19 10 17 9  5  22 2  
14 1  4  19 22 10 16 25 6  21 12 3  11 9  17 18 24 8  2  5  7  13 20 15 23 
6  24 9  20 23 3  1  2  5  15 13 18 4  14 7  12 25 16 22 17 21 10 11 19 8  
15 12 8  10 2  23 24 7  17 22 19 6  25 5  21 4  13 11 20 9  14 1  16 18 3  
21 17 18 5  16 20 9  19 13 11 8  15 2  22 10 7  14 1  3  23 24 25 4  6  12 
20 18 24 2  17 22 3  21 9  16 4  1  13 15 5  14 6  12 25 7  8  19 23 11 10 
5  22 14 3  4  19 11 15 20 7  25 8  18 16 24 10 9  23 21 13 12 6  17 2  1  
23 15 21 8  13 5  10 18 14 17 20 9  19 12 6  2  11 3  1  16 25 22 24 4  7  
1  19 25 6  12 13 2  24 4  8  21 7  23 10 11 5  18 20 17 22 16 15 9  3  14 
9  11 10 16 7  1  6  23 12 25 14 22 17 3  2  15 19 4  8  24 5  18 13 20 21 
7  20 12 9  8  11 13 3  15 19 16 17 5  4  25 22 1  18 23 6  10 21 2  14 24 
4  3  6  18 25 17 12 9  24 10 1  11 21 19 23 16 7  13 14 2  22 20 15 8  5  
24 10 15 17 19 21 25 4  1  20 22 14 6  2  13 9  12 5  11 8  18 7  3  23 16 
11 16 1  22 14 2  7  5  23 18 3  12 8  24 20 19 21 10 15 25 9  4  6  13 17 
13 5  2  23 21 14 22 16 8  6  9  10 7  18 15 20 3  17 24 4  1  11 19 12 25 
12 8  5  4  9  25 21 1  3  14 24 20 22 17 18 11 16 19 6  15 2  23 10 7  13 
19 2  17 21 20 8  18 22 11 5  6  16 15 7  12 13 23 25 10 3  4  24 14 1  9  
3  14 13 1  15 7  23 20 16 24 10 21 9  25 19 17 22 2  4  12 11 8  18 5  6  
10 23 16 11 18 6  17 13 19 9  5  2  14 8  4  1  20 24 7  21 15 3  12 25 22 
22 6  7  25 24 15 4  10 2  12 11 23 1  13 3  8  5  9  18 14 20 17 21 16 19 
