0  0  7  11 0  12 0  0  0  0  0  4  0  0  0  16 
0  16 3  0  0  0  0  6  0  0  0  2  15 0  4  12 
8  0  0  0  14 11 0  0  1  6  0  5  3  13 0  9  
15 5  2  6  0  0  0  1  12 0  0  0  0  0  0  11 
0  0  0  16 0  15 0  0  0  0  8  0  0  0  0  4  
0  0  4  9  1  6  13 2  16 0  0  11 0  0  12 15 
0  12 0  13 0  0  3  0  4  0  0  0  9  10 11 0  
11 0  0  15 0  0  0  0  6  10 12 0  13 0  0  0  
1  11 8  0  10 16 14 0  0  5  0  9  7  15 6  13 
0  0  14 0  0  7  8  0  15 0  11 6  0  2  0  0  
0  0  0  0  3  0  0  4  7  0  2  0  8  11 0  14 
12 6  0  7  15 0  5  11 10 0  0  0  0  0  9  3  
0  0  10 8  11 0  0  0  0  15 3  0  6  9  5  7  
4  0  13 0  6  0  12 8  5  11 1  7  16 3  0  0  
0  1  0  12 7  0  16 0  9  0  6  10 4  14 13 0  
0  0  0  0  2  5  10 0  0  4  16 0  0  12 15 1  
