14 16 10 3  11 4  0  0  7  13 8  5  0  15 1  9  
0  0  13 0  0  1  15 0  4  0  6  0  7  8  10 0  
5  15 6  0  2  9  16 0  0  0  0  0  4  0  13 0  
0  7  0  0  10 0  13 0  11 9  0  0  0  0  16 0  
1  0  0  16 15 10 5  0  0  14 0  8  13 3  4  0  
0  0  8  0  0  6  3  0  0  0  10 4  0  0  9  15 
4  0  11 0  13 0  14 0  15 3  5  0  0  7  0  0  
0  5  3  0  0  0  9  8  1  0  16 0  11 0  0  0  
0  0  14 0  9  15 0  0  2  0  0  0  5  0  3  0  
2  12 1  0  0  14 0  10 0  0  13 0  15 0  7  0  
0  0  0  5  0  12 0  4  8  0  0  0  10 2  14 13 
0  13 9  4  0  0  2  0  10 15 0  12 0  0  0  0  
0  0  0  9  0  0  0  0  13 8  0  0  3  0  15 0  
11 1  0  10 14 0  0  3  0  6  4  0  9  0  2  7  
0  0  0  7  0  0  4  9  3  10 2  0  12 0  0  0  
0  0  2  13 12 16 10 0  9  0  7  11 8  14 0  0  
