0  15 4  3  12 0  0  0  0  0  0  0  0  13 6  10 
6  8  16 2  13 5  0  0  7  0  10 14 3  0  0  0  
14 11 0  13 0  4  16 0  6  0  0  9  2  15 0  0  
9  0  12 1  10 0  14 6  15 5  2  13 8  16 11 4  
0  3  6  0  0  0  8  4  0  0  0  12 0  0  9  0  
0  0  9  5  0  0  1  0  11 0  15 0  13 0  8  0  
11 1  14 7  0  15 10 0  0  16 0  6  12 5  4  0  
13 0  8  0  0  0  7  0  0  14 0  0  0  0  3  11 
15 0  0  0  0  0  0  16 0  9  7  0  0  0  1  0  
3  14 5  6  0  1  0  9  0  0  0  0  0  12 2  0  
2  0  0  0  15 6  0  10 0  11 13 3  9  14 5  7  
0  12 0  0  2  13 0  8  0  6  0  10 15 0  0  0  
0  6  3  0  0  8  0  7  0  0  9  15 11 0  0  12 
0  0  2  0  0  0  0  0  10 12 3  0  6  0  0  8  
0  0  13 12 0  9  0  15 0  7  6  8  5  0  0  16 
0  0  15 0  0  10 6  0  0  0  0  0  7  0  0  0  
