0  0  0  14 6  0  0  8  7  10 1  3  0  0  0  0  
0  0  5  0  2  0  12 9  0  0  0  0  1  11 0  10 
0  0  0  0  0  14 11 10 0  0  0  5  15 4  13 0  
0  10 0  0  0  15 5  0  0  0  12 11 8  14 0  0  
4  14 12 0  11 3  0  6  0  15 0  10 0  2  0  13 
0  0  0  9  14 12 0  16 0  5  7  0  0  3  0  0  
0  0  1  0  5  0  0  13 11 3  0  0  0  12 16 7  
16 0  0  0  0  2  0  7  0  13 8  12 0  10 11 0  
0  0  4  16 8  0  0  1  10 12 5  0  11 13 9  0  
0  0  11 0  12 16 15 0  14 7  0  13 10 1  6  0  
0  0  0  3  0  11 7  4  1  6  0  9  0  16 5  8  
14 0  0  0  0  0  0  5  16 11 4  8  0  0  0  2  
0  0  8  10 9  0  2  0  0  0  11 0  13 0  0  1  
2  0  9  11 0  0  6  15 0  0  0  4  3  0  0  0  
12 0  0  4  13 1  0  0  3  8  2  0  0  0  15 0  
0  16 0  0  4  0  0  14 12 9  0  15 0  8  0  11 
