5  0  11 8  12 0  0  6  10 7  16 0  0  0  15 1  
0  7  12 0  0  5  16 0  11 0  0  3  9  0  2  14 
0  16 0  15 0  7  8  4  9  0  6  2  5  0  0  10 
0  4  0  0  0  0  11 0  8  15 0  14 0  0  16 0  
0  13 6  7  0  1  0  15 0  14 10 11 0  5  9  4  
9  0  0  0  0  0  10 2  4  5  12 0  13 1  7  16 
4  0  16 0  0  11 5  14 0  1  0  0  0  0  0  8  
0  0  10 5  4  0  0  0  0  0  8  0  0  0  0  0  
12 0  0  0  0  0  3  5  0  0  9  0  11 16 0  0  
0  0  3  9  0  14 15 13 0  16 0  6  8  0  0  0  
7  14 0  1  10 0  9  0  0  11 3  0  15 0  0  12 
0  10 15 4  8  12 1  0  0  13 0  0  0  9  3  0  
0  11 0  0  0  16 0  0  14 3  0  0  0  0  8  0  
0  0  5  16 0  0  6  0  1  0  11 10 0  2  0  3  
10 15 0  0  0  3  0  8  0  0  2  0  0  7  0  5  
0  0  4  3  14 10 0  12 0  9  0  0  0  6  11 15 
