0  8  6  0  3  0  0  0  0  16 10 5  1  13 0  12 
14 0  0  13 6  4  8  2  9  11 12 1  3  0  0  5  
15 0  11 3  0  0  0  0  4  0  14 13 10 6  0  16 
0  0  5  0  0  0  14 10 0  15 0  3  8  0  0  11 
0  5  0  0  15 0  0  0  0  10 16 11 0  0  1  4  
0  1  15 0  0  0  6  0  0  0  0  0  0  2  0  0  
0  6  0  0  0  0  0  4  8  5  0  0  15 0  0  9  
0  0  10 0  14 8  13 5  15 12 0  0  0  3  16 7  
5  0  0  7  8  1  0  0  12 4  9  0  11 10 6  3  
0  0  4  0  9  0  0  13 10 0  7  0  0  16 5  8  
0  14 0  8  10 0  12 6  11 1  0  0  2  0  0  13 
0  0  2  10 0  0  0  11 0  0  0  8  0  1  0  0  
0  4  12 15 0  0  5  0  3  9  0  10 16 11 0  0  
9  0  0  0  4  0  10 0  13 0  15 14 0  5  0  1  
0  13 1  0  0  9  11 0  0  0  4  0  14 0  0  0  
0  0  14 5  16 0  0  8  0  6  11 0  4  0  10 0  
