2  4  3  15 0  0  0  5  0  7  0  0  11 0  6  0  
14 0  0  0  0  0  10 0  1  8  3  0  0  15 0  0  
0  6  10 0  0  0  15 0  0  12 11 2  0  3  13 9  
13 0  0  11 9  0  0  0  0  6  0  5  0  0  14 10 
7  0  4  0  0  10 0  2  9  0  0  0  14 11 3  15 
0  0  0  5  0  0  0  4  3  0  8  15 13 2  12 6  
0  0  0  10 0  0  1  3  0  2  6  11 0  4  16 7  
8  0  2  3  15 6  0  13 0  0  0  16 0  1  10 0  
6  16 0  0  11 5  0  0  0  15 0  0  0  14 1  3  
0  0  5  0  10 13 2  0  6  0  0  0  0  12 0  16 
0  0  0  0  0  1  0  0  0  13 0  8  0  0  7  4  
3  10 0  14 4  15 0  0  0  16 0  1  5  0  8  0  
4  0  6  16 0  0  0  7  0  9  0  14 1  0  0  0  
9  14 0  0  1  0  4  10 0  11 0  6  0  0  2  8  
10 0  8  0  0  0  0  0  4  0  12 7  6  0  0  0  
15 3  11 12 0  8  6  9  0  0  0  0  7  5  4  14 
