14 0  0  0  0  9  4  2  11 0  10 13 1  0  7  0  
0  0  5  9  0  0  0  0  0  16 0  2  3  6  0  0  
1  0  10 0  0  13 0  3  8  5  0  15 0  0  9  0  
0  0  0  0  0  8  6  0  0  0  0  12 16 0  0  15 
0  0  16 0  12 2  1  14 13 15 7  0  0  0  0  8  
10 0  12 0  0  0  0  0  14 2  3  16 15 0  0  7  
0  15 7  1  0  16 13 6  0  0  0  10 14 3  0  0  
0  0  13 0  7  0  0  0  0  0  0  1  6  0  12 16 
0  0  9  5  0  3  16 11 0  0  15 0  2  10 0  0  
6  10 11 14 0  0  0  9  1  13 5  3  8  0  16 0  
16 0  0  0  0  12 0  15 9  10 2  4  11 7  6  1  
0  0  4  0  13 6  0  1  16 7  8  11 0  0  3  0  
0  0  6  0  0  0  7  12 2  0  0  5  13 16 11 0  
12 2  0  10 0  0  5  13 0  0  16 8  0  0  1  3  
4  7  0  0  0  14 15 16 10 0  0  9  0  0  0  0  
13 0  0  0  10 0  0  0  0  0  0  7  4  14 0  0  
