3  0  5  0  2  11 12 15 0  10 0  4  0  16 0  0  
15 0  0  11 0  0  0  3  5  0  1  16 0  0  0  0  
0  10 0  2  5  9  0  0  3  0  0  11 0  6  4  8  
0  0  4  0  13 16 0  0  12 2  0  9  0  0  15 5  
4  5  0  0  11 0  0  0  13 3  12 1  6  0  8  0  
0  8  6  12 16 3  0  0  14 0  0  0  9  1  0  0  
0  0  15 0  0  0  1  5  0  0  0  0  16 10 0  0  
14 2  11 1  0  0  0  13 15 9  0  10 0  0  0  0  
10 11 2  0  0  7  5  9  0  0  4  0  0  0  0  0  
0  0  13 5  15 0  11 14 10 0  8  3  0  0  7  12 
0  4  1  7  0  13 6  16 0  0  9  0  0  5  10 0  
12 0  0  15 0  0  0  8  7  6  0  0  13 0  0  4  
5  0  8  0  10 15 3  12 1  16 14 0  0  0  11 0  
0  1  0  9  0  2  0  0  0  13 3  15 10 12 0  16 
16 12 0  10 0  5  13 4  0  11 0  8  3  0  1  0  
0  0  0  0  0  1  16 0  0  0  0  0  0  14 0  13 
