2  12 16 11 0  0  0  0  0  0  1  8  0  13 0  4  
7  0  0  14 0  0  0  2  0  0  4  10 6  0  0  9  
13 6  0  0  0  7  0  0  14 2  0  5  0  15 10 1  
0  0  5  0  1  15 9  0  0  13 0  11 2  3  0  16 
6  7  8  0  15 0  13 9  1  0  0  0  0  0  16 0  
0  0  14 1  0  0  0  0  0  0  9  0  0  0  8  13 
11 0  2  9  0  14 0  0  7  0  0  0  4  6  1  0  
0  0  10 0  0  2  0  0  0  0  5  0  9  0  0  0  
15 0  7  0  0  0  0  10 5  0  2  0  0  0  4  12 
0  0  12 13 0  0  0  7  0  0  10 0  15 0  0  11 
0  10 3  0  11 9  0  1  0  0  8  0  5  7  0  0  
0  5  0  2  4  8  0  0  9  14 6  7  3  16 13 10 
0  0  13 0  9  4  8  11 0  6  16 0  10 0  15 14 
14 0  15 0  0  5  7  13 10 0  0  0  0  9  0  8  
0  3  4  0  0  1  0  16 12 0  14 9  13 0  6  5  
9  11 0  0  14 0  10 0  8  5  0  13 0  4  2  0  
