0  0  11 1  0  0  13 0  0  15 0  0  4  0  0  0  
7  0  4  3  0  12 0  11 0  0  0  5  0  15 0  0  
0  13 0  16 7  4  0  0  11 3  12 1  0  0  0  14 
14 0  0  0  0  8  0  9  16 0  7  4  0  0  11 0  
2  0  9  10 0  1  3  16 13 0  0  0  0  4  0  0  
0  0  0  13 0  9  0  8  0  0  4  2  0  1  3  0  
0  0  0  0  15 0  0  0  8  10 5  3  0  0  13 11 
16 5  3  0  4  0  6  13 9  11 1  0  0  14 2  0  
0  0  8  6  2  15 7  0  0  9  11 13 0  3  0  4  
0  16 0  9  12 6  0  0  0  2  14 7  0  0  8  0  
0  0  0  12 0  0  8  14 5  0  0  10 0  2  1  0  
0  0  0  11 3  16 0  0  0  4  0  0  14 0  5  0  
11 10 0  5  1  13 16 0  0  7  0  0  0  6  9  3  
9  7  16 14 0  10 11 0  0  12 0  6  1  0  0  0  
3  0  0  8  0  0  2  0  0  0  9  16 0  10 15 0  
1  2  0  4  9  0  12 0  0  5  0  11 0  16 14 8  
