0  0  0  9  1  0  12 0  0  0  8  0  0  0  0  0  
10 3  0  0  0  16 0  6  1  7  0  14 0  2  0  0  
14 0  0  0  5  0  0  0  0  0  11 0  8  6  12 4  
0  0  0  16 11 0  0  3  0  15 0  0  0  0  0  13 
0  14 0  8  0  0  0  0  9  4  1  15 0  12 0  0  
0  16 15 0  0  12 0  0  0  11 0  7  6  1  13 5  
0  1  9  7  0  0  4  8  2  0  13 0  16 0  3  15 
12 5  2  0  0  0  15 1  16 14 6  0  9  11 0  8  
0  0  3  15 2  8  0  7  0  10 0  0  14 0  11 6  
2  0  14 12 0  9  11 0  6  13 0  0  0  5  16 0  
0  10 11 0  12 0  0  13 14 9  5  1  0  0  7  0  
1  0  16 0  0  0  6  0  7  0  0  0  0  0  8  12 
0  6  0  0  8  0  14 0  3  0  4  10 12 15 0  0  
9  4  12 2  13 0  0  15 0  0  7  6  0  0  10 0  
0  15 0  11 6  1  0  0  13 8  0  0  4  0  5  3  
0  8  0  14 0  4  7  10 0  1  9  0  0  0  0  11 
