3  0  7  13 12 16 0  0  0  0  14 4  0  0  5  0  
0  0  5  0  3  2  0  0  10 0  9  1  0  0  0  0  
0  2  8  16 0  0  4  0  13 5  0  11 0  0  12 14 
4  14 0  0  0  11 10 0  0  0  0  8  7  15 2  0  
0  0  0  11 6  0  1  0  0  0  0  13 0  2  0  12 
0  6  13 0  0  0  2  9  1  8  11 0  5  7  3  10 
8  0  0  15 14 7  5  0  0  0  12 0  0  4  1  0  
1  0  4  2  0  12 3  13 0  0  16 0  0  0  11 0  
0  0  15 4  0  0  16 12 0  2  0  9  10 0  13 0  
0  8  12 0  0  6  9  0  0  13 0  0  0  0  4  7  
2  1  6  0  7  5  0  0  0  0  0  10 0  0  9  11 
13 9  0  0  1  0  0  4  0  7  15 12 8  14 6  0  
5  0  2  0  0  0  0  0  12 0  4  3  14 11 0  13 
0  0  14 1  0  0  15 2  8  11 0  0  0  9  7  0  
0  13 0  0  11 0  0  10 0  14 2  7  4  0  16 0  
0  0  0  3  4  1  0  0  5  0  0  16 0  6  0  8  
