0  0  1  0  0  8  16 5  13 0  12 4  0  10 14 0  
0  0  0  5  0  9  15 0  0  3  8  6  2  16 0  0  
2  15 6  0  10 0  0  0  9  14 0  16 8  5  3  11 
0  16 0  10 0  6  0  0  0  15 0  11 9  0  7  4  
0  0  0  6  12 0  0  4  14 8  5  2  0  0  0  0  
0  11 0  0  0  0  14 10 0  0  0  7  0  6  0  2  
12 5  8  0  7  0  0  0  0  0  0  10 0  0  0  0  
0  1  14 16 0  0  0  15 0  0  9  0  0  7  0  12 
6  0  10 0  8  0  0  0  0  5  0  1  16 0  0  0  
0  2  11 0  0  0  10 0  7  0  3  8  0  0  0  13 
0  8  7  0  16 0  5  3  0  4  11 13 0  1  0  0  
3  0  5  0  6  13 12 11 0  0  0  15 14 8  2  0  
0  10 13 11 14 5  2  7  15 1  0  9  0  12 0  8  
1  0  2  0  0  10 0  0  0  11 0  0  7  0  4  0  
14 6  16 7  1  0  3  8  0  0  0  0  0  0  10 9  
5  0  0  0  0  15 0  6  3  10 7  14 0  0  0  16 
