4  0  0  12 13 16 0  0  0  1  15 2  0  0  8  6  
6  0  11 1  0  9  0  0  0  10 4  0  0  0  7  0  
7  0  0  0  4  1  14 0  0  0  0  6  0  13 0  12 
0  0  2  0  6  0  11 15 0  8  14 0  0  0  4  5  
0  0  0  11 16 0  0  4  3  0  2  13 0  0  0  8  
2  6  0  15 8  0  3  11 10 7  16 1  0  5  0  9  
0  0  0  0  15 2  1  0  0  5  0  14 0  16 10 11 
0  9  1  16 12 0  6  13 0  11 8  0  2  0  14 0  
15 0  0  0  9  11 16 0  0  0  10 7  0  0  3  13 
12 0  10 7  0  3  2  0  0  13 0  0  0  8  9  4  
0  11 0  9  0  0  0  0  0  12 0  0  0  0  5  0  
0  1  6  0  10 13 0  12 0  14 0  9  0  11 15 0  
11 0  15 13 3  0  0  0  0  0  0  0  0  0  2  1  
0  3  12 0  0  4  0  0  1  0  11 0  5  0  16 7  
8  0  0  0  0  0  5  10 2  0  9  0  0  0  13 15 
1  2  0  5  0  15 9  0  0  3  13 10 0  4  0  0  
