11 0  8  14 6  9  12 5  0  0  7  16 0  3  15 0  
9  0  0  5  13 7  0  15 12 3  0  10 0  2  0  0  
0  0  12 6  0  3  1  10 0  5  13 0  0  0  0  4  
0  15 10 1  2  0  0  0  14 6  0  0  7  0  12 5  
7  3  0  0  0  11 2  0  9  0  6  0  1  0  4  0  
16 0  0  0  14 0  0  0  0  7  0  1  0  8  2  9  
15 0  0  0  1  12 7  0  0  0  4  3  14 0  6  10 
1  0  4  9  0  6  0  0  13 0  0  2  3  16 0  15 
0  0  13 2  7  0  0  0  0  0  12 0  11 1  8  14 
0  1  9  8  10 16 6  0  11 0  14 7  15 4  0  0  
0  0  3  0  8  0  0  0  0  15 0  6  0  0  0  0  
0  0  0  0  12 1  9  14 0  8  0  5  0  0  10 16 
0  2  0  0  0  0  15 7  6  0  0  0  0  0  13 11 
0  0  15 4  9  5  0  0  0  2  0  0  6  0  1  0  
0  0  6  0  16 2  0  0  7  0  10 0  0  15 14 0  
0  9  0  7  3  0  8  6  0  1  5  0  0  0  0  0  
