0  15 0  0  9  0  0  0  0  0  8  11 7  0  0  0  
0  3  11 0  10 7  13 4  0  5  9  1  2  0  14 0  
0  4  0  0  0  3  15 0  16 7  6  0  0  0  0  8  
0  16 0  7  0  8  14 0  3  12 2  0  9  13 0  0  
0  0  0  13 3  0  0  0  0  4  16 6  10 9  2  11 
14 0  4  3  15 0  0  0  0  0  1  12 6  5  0  13 
0  8  0  0  0  11 0  0  13 0  0  0  15 0  0  0  
0  0  0  5  0  0  0  0  7  15 0  0  12 0  0  4  
11 13 8  0  0  0  0  9  0  0  7  16 0  0  5  0  
4  14 3  1  7  16 2  8  12 0  5  15 0  11 9  0  
16 12 6  0  0  13 3  0  9  0  0  0  4  8  0  0  
0  0  0  0  0  0  0  15 0  13 0  0  3  1  0  0  
0  2  0  4  1  9  0  7  0  8  13 3  11 0  0  0  
0  6  0  14 0  15 8  0  5  16 11 0  0  0  4  9  
15 10 13 0  0  0  4  3  0  0  12 14 0  7  6  0  
1  0  9  8  6  14 0  10 0  0  15 7  16 0  13 0  
