12 5  0  8  0  16 0  0  7  0  4  0  0  1  6  11 
0  0  7  0  5  1  0  4  11 9  10 0  13 15 0  2  
0  11 9  10 0  7  0  0  14 5  2  0  0  0  0  0  
1  15 0  0  0  0  0  0  0  0  16 0  0  5  7  0  
0  13 6  0  14 9  0  5  16 0  8  7  0  0  0  0  
0  0  0  0  0  13 0  0  9  2  1  11 0  0  4  0  
7  8  11 0  0  0  0  0  0  6  12 0  0  14 9  13 
0  0  0  9  0  0  0  0  0  14 0  5  8  10 16 15 
6  1  3  11 0  0  0  13 8  0  0  0  2  4  0  14 
16 0  4  7  6  8  1  0  0  0  5  0  3  0  0  9  
13 10 0  12 16 15 14 3  4  11 9  2  0  0  0  8  
0  0  0  0  4  11 0  0  1  3  0  0  16 13 0  0  
2  3  12 0  8  0  13 14 0  0  0  16 15 0  0  1  
0  4  0  14 0  0  10 6  5  0  13 9  11 0  0  7  
0  7  0  13 1  5  9  16 0  0  15 8  0  3  0  0  
5  0  0  0  0  0  0  11 0  4  0  0  0  8  13 0  
