11 15 2  0  9  0  0  16 0  13 0  14 3  0  0  6  
9  5  8  0  7  0  0  0  16 15 11 0  10 12 0  1  
0  0  13 1  4  6  15 0  0  8  5  7  0  16 0  0  
7  16 0  0  13 10 0  0  6  0  2  0  0  14 0  0  
0  0  0  0  0  7  13 0  3  0  10 0  0  0  0  0  
0  7  0  13 0  4  0  0  8  0  15 0  0  9  0  10 
0  0  14 0  8  2  0  10 0  0  4  0  6  0  5  7  
0  10 12 0  15 1  9  3  0  5  0  6  0  11 0  13 
10 13 0  0  0  0  2  4  5  0  0  0  0  6  0  0  
1  0  6  0  0  11 5  0  4  7  12 13 0  8  0  2  
0  0  0  7  10 9  14 13 0  6  16 8  0  5  0  4  
0  0  0  5  0  0  6  0  11 0  0  2  0  3  0  15 
0  14 0  0  0  0  1  0  0  0  8  11 0  10 15 3  
15 0  0  4  14 3  0  8  2  16 13 5  11 0  6  0  
8  0  0  11 2  15 0  9  1  0  0  0  5  13 14 0  
0  0  0  16 0  0  0  5  9  14 0  0  0  2  0  0  
