12 0  0  11 16 0  0  13 0  0  3  0  0  0  6  0  
9  0  0  6  0  0  8  3  16 0  0  14 0  0  0  0  
0  16 3  0  14 9  0  2  0  0  0  11 4  0  7  0  
1  5  2  14 7  12 6  11 0  4  0  8  15 0  0  3  
14 10 9  0  3  15 5  0  0  13 0  16 6  1  11 0  
0  0  0  0  0  0  4  0  0  0  0  9  0  0  0  0  
6  0  5  0  0  0  0  12 1  0  10 2  14 0  0  0  
8  0  1  0  0  0  0  16 11 5  6  0  13 0  3  0  
0  14 13 3  5  0  10 9  8  0  11 0  0  12 4  0  
0  0  16 15 0  13 3  0  10 0  2  12 9  0  8  14 
2  0  0  1  0  0  0  0  14 0  5  0  11 3  13 6  
11 4  0  0  0  0  0  0  13 9  7  3  0  5  0  0  
15 13 7  0  0  16 0  5  0  11 0  1  3  6  0  0  
4  11 14 0  6  0  0  0  0  2  0  0  16 0  12 1  
16 1  0  0  2  3  0  14 0  0  9  0  0  0  15 11 
0  2  0  9  4  0  12 0  7  0  0  15 0  13 0  5  
