2  9  0  0  13 0  0  0  0  8  0  1  0  3  0  5  
0  0  0  8  4  0  0  10 15 2  0  0  14 7  16 0  
0  6  0  15 0  0  5  1  0  0  0  7  0  2  8  4  
12 4  7  0  0  6  0  0  0  14 0  5  15 10 11 13 
0  0  10 6  15 13 7  0  0  3  0  16 11 9  0  0  
16 0  0  3  0  0  0  0  0  5  0  9  8  0  0  10 
9  7  5  0  3  0  8  0  11 6  0  0  0  0  0  16 
15 8  1  11 9  10 16 2  14 12 4  13 7  6  5  3  
7  2  0  0  0  5  0  0  0  0  0  0  0  0  14 8  
0  0  0  0  2  0  0  0  0  4  0  0  5  1  0  7  
0  0  13 14 0  0  0  4  0  0  5  3  0  15 6  2  
0  1  0  0  0  0  13 0  6  0  14 2  16 11 0  0  
14 16 8  13 6  0  0  0  0  0  3  0  1  0  7  15 
0  12 0  0  0  0  1  7  0  16 0  14 4  8  3  0  
1  15 6  0  0  0  0  8  2  0  0  4  0  16 13 0  
11 3  0  0  0  0  0  0  1  15 8  0  0  0  0  6  
