0  0  0  11 4  5  0  0  15 0  0  12 1  13 16 0  
0  0  0  0  0  6  14 0  0  0  1  0  7  12 9  0  
16 1  0  0  7  13 0  0  14 0  9  4  0  10 0  5  
0  12 4  13 15 0  16 1  7  5  0  8  11 14 0  0  
0  0  0  15 16 11 5  12 0  0  0  0  0  0  0  2  
0  10 0  9  13 0  3  15 2  16 14 11 0  0  0  1  
0  11 0  0  14 0  0  8  4  0  6  10 9  0  3  13 
0  0  1  8  10 0  0  6  0  7  0  3  14 0  0  16 
1  15 9  4  6  16 0  7  0  10 0  0  0  3  0  14 
8  0  0  0  0  0  0  0  0  12 0  7  0  16 5  11 
10 3  0  5  0  0  15 13 0  0  0  9  2  0  1  7  
0  0  12 0  0  0  0  0  0  0  0  0  0  0  8  9  
0  0  2  12 8  0  7  9  16 13 3  0  0  0  0  0  
13 14 0  0  11 0  6  4  0  0  12 1  16 9  7  8  
5  0  0  0  0  0  0  16 11 0  4  6  13 0  14 0  
4  0  0  0  5  12 0  0  10 8  0  0  3  0  6  0  
