0  0  12 0  0  0  0  14 0  0  2  0  3  8  0  10 
4  0  0  10 0  9  3  12 13 5  15 14 0  0  0  6  
8  9  0  14 0  0  0  0  0  0  12 0  13 0  4  5  
6  11 5  0  1  0  0  16 0  0  10 9  15 0  0  7  
0  14 16 4  0  8  0  1  2  0  0  15 11 0  3  0  
5  15 2  9  0  12 0  0  0  0  3  0  0  13 7  1  
0  0  11 8  6  0  0  0  9  0  1  0  0  0  0  0  
0  0  0  0  16 2  0  0  0  12 8  0  4  14 5  9  
9  1  6  0  0  0  0  5  8  16 0  4  14 15 0  3  
3  0  0  0  7  14 16 0  0  15 5  1  0  10 6  11 
0  0  0  0  3  1  12 9  6  11 0  13 0  0  0  0  
0  0  4  11 13 0  0  0  0  0  0  0  0  0  1  16 
11 8  0  0  0  10 0  6  15 13 4  7  0  0  16 2  
13 0  0  15 4  0  0  2  10 0  0  0  0  5  0  14 
12 4  0  0  15 0  1  0  0  0  11 3  6  0  0  13 
0  0  3  0  0  0  8  0  5  9  6  12 10 0  0  4  
