3  0  11 8  0  0  0  13 5  9  16 4  0  1  0  7  
5  13 0  0  0  3  0  2  0  0  11 0  9  6  0  4  
12 14 0  0  16 0  0  1  0  0  10 6  0  0  0  11 
6  0  2  0  0  5  0  0  13 0  0  0  3  0  0  0  
0  4  0  0  0  2  0  16 9  0  13 0  7  10 1  12 
0  10 0  0  13 4  0  0  1  0  7  12 5  0  0  9  
0  0  0  0  0  7  0  8  0  0  0  14 15 0  16 0  
0  5  8  1  10 0  0  0  0  0  2  16 0  0  14 13 
10 0  6  14 12 0  5  9  2  7  0  0  0  13 4  0  
1  16 12 3  7  13 0  0  0  4  0  0  10 11 9  5  
0  0  5  9  0  11 15 14 0  0  1  0  12 8  3  2  
0  11 0  0  1  0  0  10 12 13 5  9  0  16 7  0  
0  0  0  11 0  6  4  12 7  0  9  2  0  0  0  0  
0  0  7  0  0  0  0  5  4  0  15 3  14 0  2  10 
4  0  0  0  0  0  0  15 11 14 0  8  0  7  0  0  
15 12 14 0  0  0  8  0  0  0  0  0  0  9  11 1  
