0  9  15 0  0  2  7  0  0  0  14 10 5  0  8  3  
0  0  0  0  0  9  0  0  2  0  11 5  1  0  0  14 
0  7  5  0  4  3  0  13 6  9  12 1  11 0  0  0  
10 0  2  13 11 14 0  5  8  15 3  0  7  16 0  0  
16 13 9  0  7  12 10 0  0  8  4  0  0  2  0  0  
0  8  10 0  0  13 4  0  12 0  6  0  16 7  3  0  
0  3  0  11 16 0  0  0  13 0  1  0  0  0  0  4  
0  0  0  12 6  0  0  0  0  10 0  0  14 8  11 13 
9  0  12 0  0  10 6  0  11 0  0  0  0  0  14 1  
7  15 11 0  0  1  13 0  14 16 8  12 2  0  6  0  
0  1  0  5  0  8  0  9  15 0  0  0  12 0  7  10 
0  2  14 3  5  7  0  12 4  1  0  9  8  0  15 0  
0  5  0  0  0  0  0  0  0  14 0  16 0  0  2  0  
0  14 3  0  0  0  0  10 0  0  0  0  0  6  0  0  
0  0  16 0  1  4  9  15 7  0  0  0  3  0  5  0  
8  11 1  7  0  0  5  0  0  0  15 2  9  0  0  0  
