0  2  5  0  3  7  0  0  15 0  0  4  1  10 16 12 
16 6  0  0  1  0  0  2  0  13 7  0  8  11 9  0  
0  14 1  15 9  12 0  0  16 5  0  10 13 0  4  3  
0  3  0  0  0  0  0  0  9  0  12 0  0  0  14 0  
0  10 4  9  0  16 14 5  0  3  8  0  0  0  12 11 
12 0  11 14 10 0  3  0  7  15 1  16 2  8  0  5  
3  0  16 1  6  0  11 8  4  12 5  2  14 9  15 0  
0  0  0  0  0  0  1  0  11 10 0  9  0  13 0  16 
0  0  3  0  16 15 7  0  0  0  9  0  0  0  1  0  
0  0  0  0  2  3  9  0  0  14 13 0  0  15 0  0  
4  16 15 0  0  14 0  0  1  2  0  7  9  0  0  13 
0  9  0  13 5  0  0  11 0  0  0  0  3  14 0  0  
0  4  14 16 0  1  5  0  0  9  0  15 0  0  0  0  
0  0  10 3  0  0  2  9  5  0  16 8  15 0  7  0  
0  0  0  2  14 0  0  3  13 0  0  0  0  0  0  0  
0  15 0  11 0  8  10 0  0  0  0  0  12 3  0  0  
