0  16 14 5  0  0  3  0  0  0  2  0  11 15 0  0  
7  1  0  9  11 15 0  13 0  0  0  0  0  0  0  10 
0  0  12 0  5  7  0  0  9  1  4  0  0  13 16 0  
2  4  11 3  0  0  16 0  0  14 15 13 0  5  12 7  
0  0  0  0  0  1  0  0  15 0  0  4  0  0  0  0  
0  0  5  0  15 0  0  16 14 6  0  0  0  12 0  2  
6  0  0  0  0  0  10 0  0  0  7  5  0  11 14 0  
0  0  15 0  8  6  7  4  13 11 1  0  0  9  0  0  
1  6  0  0  7  0  0  0  4  0  0  3  2  14 0  12 
0  2  0  8  16 0  0  0  11 0  12 14 10 0  0  9  
9  0  0  0  2  11 8  0  10 13 5  0  0  16 3  0  
14 0  16 11 4  0  12 10 2  7  6  9  15 0  1  13 
5  0  6  2  13 4  0  0  1  0  14 16 0  0  9  0  
0  9  1  0  10 0  0  0  12 4  11 15 0  6  0  0  
0  0  0  0  0  0  6  9  5  0  0  8  7  1  15 16 
16 0  0  0  1  0  0  11 7  0  0  0  0  4  8  3  
