0  0  0  16 14 0  9  0  0  15 1  0  0  6  0  0  
13 0  4  0  0  10 6  0  7  9  3  5  0  11 0  14 
11 0  5  14 0  0  0  0  0  0  12 0  0  9  15 0  
0  0  0  9  15 5  0  0  6  4  0  14 0  10 12 0  
0  5  0  2  0  12 10 9  0  3  16 7  0  15 13 6  
0  0  0  3  6  0  5  0  12 10 0  0  1  14 11 8  
0  11 0  0  0  0  15 3  0  8  14 4  9  0  0  0  
10 0  12 0  1  0  0  4  0  6  13 0  3  2  0  7  
2  0  0  0  0  0  16 8  14 0  0  1  15 12 9  0  
16 14 9  0  0  0  2  0  0  0  0  0  6  0  8  0  
12 0  0  4  3  9  0  11 0  5  6  0  0  0  2  0  
1  0  11 8  12 6  0  0  9  2  0  16 10 13 0  5  
3  8  7  0  9  0  11 13 4  1  0  0  0  0  14 15 
15 4  14 11 0  1  12 0  0  13 0  0  2  0  0  9  
0  0  0  13 0  0  14 0  15 0  2  0  0  0  0  10 
0  0  0  0  0  0  0  0  11 0  8  9  0  0  7  1  
