0  9  6  0  16 0  0  7  0  11 0  0  15 1  0  8  
0  0  2  0  0  8  0  13 0  0  0  0  0  0  0  0  
8  11 0  0  12 0  0  1  16 0  0  0  14 0  13 0  
0  0  0  0  9  14 10 15 0  0  12 6  11 0  0  2  
10 14 11 9  0  12 0  0  0  4  2  7  3  15 0  0  
15 0  0  0  10 3  0  6  14 0  0  8  0  0  2  0  
2  0  8  0  5  0  0  4  0  0  0  0  0  14 0  10 
7  0  3  0  2  9  0  0  12 0  13 10 8  0  1  11 
9  0  15 7  13 16 4  3  0  0  5  0  0  6  0  14 
0  13 0  0  0  7  0  2  15 0  0  11 10 3  0  0  
11 0  14 0  15 6  1  5  0  9  0  16 7  0  4  0  
6  0  16 0  14 10 11 12 4  0  0  13 9  0  0  5  
0  15 9  0  3  0  16 0  0  0  8  0  0  4  10 7  
0  8  4  2  0  1  0  0  3  7  16 0  0  11 14 15 
0  0  10 6  0  0  0  0  0  15 4  0  5  2  9  3  
0  7  0  11 4  15 0  0  0  10 0  0  0  12 0  0  
