0  0  0  4  5  0  0  2  0  0  0  0  0  0  0  0  
11 2  9  6  8  12 16 0  0  0  14 10 0  3  0  1  
0  14 0  0  10 11 1  9  6  8  5  0  13 2  4  12 
0  1  0  0  15 0  0  4  11 0  0  0  16 0  0  0  
0  5  4  16 3  8  0  13 10 0  9  0  0  0  0  2  
7  10 0  1  12 0  4  0  0  0  0  0  6  14 9  5  
14 0  0  0  1  0  2  6  0  0  7  0  3  13 0  0  
15 0  0  3  9  0  0  0  0  0  2  0  0  12 8  0  
0  0  11 15 13 0  9  0  5  16 0  12 0  1  0  0  
0  7  0  10 0  1  12 0  13 0  0  0  2  6  11 0  
0  0  0  2  0  0  15 0  14 0  0  0  12 0  5  16 
0  0  16 5  0  7  0  14 0  0  15 11 9  8  0  3  
9  0  0  14 2  15 5  11 0  4  10 1  0  16 12 0  
0  0  0  8  7  0  13 16 2  0  0  0  0  11 1  14 
2  0  0  0  0  0  0  12 15 14 16 13 7  5  0  9  
0  0  0  0  0  0  0  1  0  5  11 0  15 10 2  6  
