15 8  0  0  0  0  0  6  0  0  0  0  0  0  13 5  
0  14 0  0  10 0  8  0  7  0  6  9  0  0  12 3  
0  6  2  9  0  0  1  0  0  0  12 5  0  8  0  10 
5  0  4  0  0  0  0  0  15 0  0  14 0  16 0  6  
16 4  11 1  0  0  0  0  5  12 13 2  0  14 0  0  
0  0  0  6  0  16 0  8  0  7  0  15 4  0  11 0  
2  0  12 10 1  0  0  0  11 16 0  8  0  6  0  0  
9  7  5  0  11 13 15 14 1  3  4  6  0  0  10 2  
0  13 16 0  0  10 2  0  0  0  0  12 1  7  0  0  
7  0  0  0  4  9  13 11 0  0  0  10 0  3  16 8  
0  10 9  2  12 0  7  0  13 0  0  3  6  15 0  0  
0  12 3  0  5  14 6  1  0  9  0  16 0  0  2  0  
0  5  0  0  0  0  0  12 14 0  0  1  2  0  6  0  
0  0  0  0  13 15 10 5  12 0  0  0  3  0  0  0  
0  16 0  13 8  6  14 2  0  11 3  0  5  0  7  0  
12 2  0  14 3  0  11 0  0  5  0  13 0  0  4  0  
