0  15 0  0  0  0  1  9  11 14 0  8  0  0  0  0  
0  0  0  5  2  3  8  0  0  15 1  0  11 0  0  0  
1  2  0  0  0  0  14 16 0  12 5  0  15 0  8  4  
0  8  9  4  0  0  10 11 2  7  0  16 5  12 3  0  
0  0  3  8  0  0  0  0  0  0  11 9  0  1  0  0  
0  0  7  11 9  8  0  15 16 10 14 12 4  2  0  13 
9  4  5  0  11 0  0  1  7  0  15 2  0  0  0  0  
0  0  0  2  7  10 0  0  13 0  0  0  9  3  0  11 
0  0  0  10 8  12 0  0  0  5  4  0  16 0  0  0  
0  16 1  0  0  11 2  7  6  0  0  13 10 0  0  5  
11 0  15 0  0  1  6  0  14 0  0  10 0  13 2  0  
0  3  8  0  0  0  16 0  15 0  12 11 14 7  1  6  
0  0  4  15 0  0  0  8  0  16 10 14 0  11 0  0  
0  0  14 0  3  0  0  10 12 0  0  6  1  0  0  7  
0  0  2  0  12 6  7  4  0  11 0  15 3  0  0  0  
13 0  0  0  0  0  0  2  0  4  7  0  8  10 15 9  
