2  13 0  15 5  14 0  0  8  0  10 9  16 6  1  0  
6  0  0  10 11 13 12 0  0  0  0  2  0  15 0  0  
0  11 7  0  8  10 6  1  15 12 3  0  2  13 0  14 
8  0  0  0  16 2  9  15 6  0  14 0  0  5  0  7  
0  0  13 12 0  5  0  16 0  8  0  3  15 4  6  1  
0  6  0  3  15 0  10 0  2  0  0  1  0  16 9  0  
5  0  2  9  3  6  0  0  0  0  7  10 0  0  12 0  
0  0  14 0  0  0  7  9  12 0  0  0  10 0  11 0  
12 0  0  0  14 1  0  2  0  9  0  15 0  11 0  6  
0  0  9  0  0  0  13 10 0  0  0  0  0  7  0  0  
13 1  15 0  0  11 16 3  0  10 0  0  0  0  0  0  
0  0  0  2  9  15 0  6  0  1  5  0  13 0  14 12 
0  0  0  11 0  0  0  12 0  2  9  0  6  3  0  16 
0  12 0  0  10 16 2  0  0  0  15 0  0  1  7  0  
7  0  3  0  6  0  15 8  0  16 0  11 4  14 5  10 
0  9  0  0  0  3  0  0  4  5  0  0  0  0  0  0  
