16 0  12 14 0  13 0  11 0  8  0  5  7  0  2  1  
2  0  11 0  0  16 0  0  0  1  9  15 6  10 5  0  
0  0  0  1  0  8  0  0  2  11 14 0  13 0  0  16 
5  0  4  0  0  0  0  0  0  3  13 0  11 0  0  8  
11 16 0  0  0  10 2  8  14 0  0  0  0  13 1  0  
0  8  2  0  14 9  0  0  15 0  0  0  0  6  0  7  
1  14 0  3  0  6  0  0  12 10 0  0  0  8  4  0  
0  5  6  0  11 3  1  0  13 16 8  0  12 14 0  2  
13 10 0  6  0  11 0  5  0  0  15 0  1  4  12 0  
0  0  0  0  9  4  14 6  0  7  3  0  0  0  0  0  
9  4  16 11 2  0  8  0  0  0  0  0  5  0  0  0  
0  1  3  0  13 12 10 0  0  0  0  16 8  9  6  14 
6  11 0  0  4  7  0  2  9  0  0  8  0  0  3  0  
12 0  13 0  1  0  0  9  0  0  7  4  2  0  0  0  
0  0  8  0  0  14 6  13 11 15 0  0  0  5  7  0  
14 0  0  7  0  5  0  10 0  0  12 0  0  11 13 0  
