12 0  0  14 16 4  0  0  0  0  13 0  0  15 0  0  
0  0  0  4  0  0  15 10 0  0  12 0  0  0  7  16 
0  0  11 0  0  0  7  1  2  4  10 0  13 0  0  0  
13 6  10 2  0  0  11 0  9  16 15 7  0  1  5  0  
4  0  0  12 11 5  0  0  0  2  1  10 0  0  0  0  
11 0  0  13 0  0  3  4  0  0  6  8  0  14 0  0  
0  10 8  6  0  0  13 0  14 15 4  0  0  0  11 5  
0  1  0  15 10 0  0  12 0  0  11 16 9  0  13 0  
15 5  4  0  0  13 8  0  11 0  0  12 3  9  0  0  
0  11 0  9  2  0  0  0  0  0  7  3  0  0  0  8  
0  13 0  10 9  15 1  3  0  0  0  6  16 5  2  0  
2  8  0  0  0  10 0  11 0  0  0  0  0  6  14 13 
0  0  14 5  0  0  9  7  0  6  0  0  1  0  3  12 
0  2  0  1  4  0  6  0  10 0  3  13 5  0  0  14 
0  3  0  0  14 0  10 15 0  5  9  4  0  8  16 0  
0  12 16 0  3  2  5  13 0  0  14 0  0  10 4  0  
