0  5  0  6  3  0  7  4  0  13 8  1  15 0  0  2  
0  0  12 0  10 0  0  0  0  6  5  2  3  9  0  0  
0  2  0  0  0  6  0  0  9  10 0  0  11 0  0  0  
10 14 3  0  16 0  15 0  0  0  11 0  5  8  13 0  
14 0  0  9  4  15 8  0  0  0  1  0  0  0  16 0  
15 4  7  8  14 0  0  0  13 0  0  0  0  0  1  0  
1  12 16 2  0  0  0  0  0  0  14 0  4  5  9  11 
0  0  13 5  0  0  16 1  2  4  6  0  0  14 8  0  
3  8  0  10 0  1  9  0  0  0  7  0  16 15 0  0  
0  1  0  0  0  0  4  0  12 0  16 10 9  2  6  8  
0  0  15 0  8  0  0  16 0  0  2  0  13 0  0  5  
0  0  2  0  13 0  5  12 15 0  0  8  14 1  0  10 
2  13 5  15 7  0  0  0  0  1  0  0  0  0  10 9  
4  0  0  0  9  0  0  8  11 16 3  0  0  0  0  14 
8  0  9  0  1  4  0  0  0  0  13 0  7  12 0  16 
0  0  1  0  11 13 12 10 8  15 0  0  6  0  2  4  
