0  5  8  13 11 0  0  0  1  15 4  7  0  0  0  2  
0  0  1  11 0  5  13 15 3  0  2  10 6  0  0  0  
15 0  0  0  0  0  0  10 11 0  16 0  0  0  1  8  
2  0  16 10 0  0  12 1  9  6  0  8  0  5  15 11 
6  0  5  0  4  0  1  0  14 0  3  0  8  0  11 0  
10 8  0  0  0  13 0  0  2  11 12 0  0  0  4  6  
0  12 0  4  0  16 2  11 5  0  0  0  9  0  0  0  
0  11 0  2  6  14 10 0  0  0  9  4  0  1  0  0  
0  0  7  14 0  0  6  16 4  0  0  3  0  0  9  0  
9  0  0  0  13 0  8  0  7  1  0  11 2  10 0  3  
0  0  0  3  0  0  0  4  0  16 0  13 0  11 12 14 
13 0  11 0  10 0  3  0  0  9  0  12 16 4  0  5  
0  0  10 0  0  0  15 7  16 0  0  0  0  12 0  0  
0  0  0  0  1  6  0  13 12 0  11 0  10 15 8  16 
11 0  15 0  0  0  14 9  0  8  1  0  0  3  5  0  
0  0  0  1  16 0  11 0  10 0  0  0  13 6  2  9  
