11 0  4  0  6  9  0  0  0  16 0  2  5  0  10 0  
0  7  8  15 0  0  4  0  0  0  12 0  0  13 0  0  
6  0  0  16 0  0  8  0  0  1  9  0  7  11 0  2  
3  0  0  1  0  0  0  11 7  0  0  0  4  0  0  0  
8  0  6  0  9  3  11 0  12 14 10 0  0  16 0  5  
0  0  12 5  0  10 2  0  0  9  3  15 0  14 11 0  
14 0  0  0  5  8  16 12 0  13 0  1  0  0  7  0  
10 0  0  7  0  0  14 1  0  0  2  11 0  0  8  0  
0  12 7  0  3  0  6  10 0  8  0  16 0  0  0  0  
0  15 1  0  4  13 9  0  0  3  0  12 11 7  14 8  
0  3  0  11 0  0  0  0  9  4  1  13 0  2  0  6  
13 8  16 14 0  0  0  5  15 0  11 0  0  0  0  9  
0  5  11 8  0  0  3  4  0  15 0  0  2  0  9  0  
0  0  0  0  8  2  13 7  0  12 0  9  16 0  1  0  
12 16 0  0  10 6  0  0  0  11 0  4  0  0  13 0  
1  0  9  0  11 12 0  0  14 2  16 0  3  10 4  0  
