6  11 0  10 0  0  9  15 0  0  8  2  0  0  0  0  
0  13 0  0  0  6  16 10 0  0  0  1  9  0  0  15 
0  0  5  12 0  0  0  0  6  0  9  15 0  0  0  8  
0  0  8  15 13 12 4  0  0  11 0  3  14 0  0  2  
16 0  1  7  6  11 2  12 0  0  0  0  0  0  8  10 
10 0  0  0  15 0  0  0  11 0  0  0  5  0  12 0  
5  0  0  11 0  7  1  0  0  12 0  0  6  2  15 14 
13 0  0  2  0  8  0  0  16 6  0  10 0  7  3  11 
15 6  3  0  0  0  8  2  0  7  0  0  0  14 11 0  
0  12 10 16 7  0  3  0  0  0  0  0  0  8  0  4  
4  0  14 1  12 16 15 13 3  2  0  0  0  0  6  0  
2  5  0  8  4  1  11 6  0  0  0  0  15 12 7  0  
12 0  0  13 0  3  0  8  0  10 0  0  0  15 0  0  
8  0  0  6  1  13 12 4  15 0  0  0  0  0  0  5  
0  0  7  5  16 15 0  0  0  8  3  6  4  13 14 12 
3  14 0  4  0  0  6  5  7  13 0  0  0  0  0  0  
