3  0  11 0  0  5  0  2  0  0  6  0  0  9  8  0  
10 12 2  8  0  6  13 0  0  4  0  5  7  11 0  15 
1  0  0  6  8  10 0  0  0  13 0  0  12 4  5  16 
15 16 0  0  0  0  4  0  10 8  0  14 0  3  2  0  
0  3  16 0  0  15 0  0  14 1  0  8  0  6  0  10 
12 15 0  11 0  0  0  0  3  6  0  10 0  2  0  13 
0  0  1  7  0  12 0  8  0  0  0  0  15 14 0  0  
8  0  9  0  2  0  0  4  7  11 0  0  16 0  1  12 
16 0  8  0  0  13 14 0  0  12 0  11 9  0  0  2  
0  0  0  10 0  0  5  0  8  3  13 1  0  7  0  0  
0  11 13 0  1  0  0  3  6  9  0  7  5  0  10 0  
6  0  3  0  7  4  9  0  0  10 0  0  11 0  0  0  
0  4  10 0  6  9  0  0  13 15 7  0  0  8  12 5  
0  0  14 0  0  7  0  0  1  2  0  6  0  16 4  11 
7  0  0  1  0  0  8  0  0  0  10 0  0  0  15 9  
0  2  0  0  0  0  0  0  0  0  8  12 1  10 6  7  
