5  0  6  3  16 14 0  12 0  0  8  15 0  0  4  0  
0  12 8  0  2  4  0  0  0  13 0  1  0  0  9  5  
0  0  0  0  7  11 0  1  0  2  5  14 12 16 0  0  
7  0  0  0  5  8  0  0  0  0  0  0  0  2  13 15 
14 0  5  0  0  6  0  0  0  0  16 2  9  0  0  3  
0  0  10 11 3  0  7  0  8  15 0  0  0  4  0  0  
3  7  12 4  1  13 0  16 5  10 14 9  0  0  0  11 
0  0  0  0  0  5  0  10 0  0  3  13 0  0  2  0  
4  9  14 0  0  16 15 13 0  0  12 8  2  6  0  7  
11 0  0  0  0  10 0  0  2  16 6  0  0  13 0  4  
0  6  16 0  8  0  0  0  9  0  0  10 11 0  3  12 
8  10 3  0  0  0  0  6  0  0  11 0  0  5  0  9  
12 3  0  0  10 15 0  0  16 0  0  0  13 0  5  6  
15 5  0  0  13 12 16 0  6  7  0  0  14 0  0  10 
10 8  0  0  0  0  9  0  14 0  15 0  4  0  7  2  
0  0  2  0  4  3  5  0  0  8  0  12 0  1  0  16 
