3  6  2  0  0  4  0  0  0  0  0  0  13 11 5  0  
7  0  11 0  14 0  0  0  13 16 9  1  3  0  6  4  
0  0  13 0  6  3  0  1  0  5  0  0  16 0  2  7  
16 0  9  1  13 5  0  0  11 6  3  2  8  0  12 14 
15 0  3  0  8  0  9  0  12 0  0  0  0  0  4  0  
13 11 0  0  10 0  14 0  0  1  0  5  7  0  0  3  
6  0  0  8  0  0  0  0  3  14 0  0  0  13 0  0  
9  1  0  0  0  2  0  0  15 0  8  0  11 6  14 0  
12 16 10 0  0  13 6  9  0  0  0  8  4  0  15 5  
5  0  1  9  15 8  0  11 4  0  0  0  2  14 10 13 
0  0  15 0  0  1  5  0  0  9  0  12 0  16 0  0  
0  0  0  7  0  10 4  0  0  0  0  15 1  12 0  0  
0  0  0  6  16 0  3  0  0  0  1  0  14 2  13 8  
0  0  14 3  11 0  0  5  0  12 6  13 0  4  0  0  
0  12 16 0  0  14 0  0  2  0  0  0  9  0  7  15 
0  0  0  0  1  7  2  10 0  0  5  14 0  3  0  6  
