4  0  13 3  0  0  10 16 1  0  14 0  0  11 9  6  
0  12 11 15 0  3  0  14 0  0  0  6  0  4  0  8  
0  0  7  14 0  0  1  6  0  0  0  0  0  3  5  12 
0  0  6  8  12 11 15 4  0  0  16 3  13 14 0  10 
0  0  4  9  0  8  0  0  2  15 0  16 12 1  0  3  
0  16 5  12 0  14 0  0  11 0  6  0  10 0  8  15 
8  0  15 0  16 0  0  1  0  0  0  0  0  13 0  7  
11 3  1  7  6  9  0  15 10 13 0  0  0  0  0  0  
9  7  16 0  0  0  0  12 0  2  8  0  0  0  0  0  
0  1  0  0  0  16 4  0  7  0  11 15 0  0  0  14 
0  0  14 2  0  0  8  0  0  0  4  0  7  10 0  16 
15 4  3  5  1  0  0  0  0  16 0  0  0  0  0  13 
0  15 0  1  14 5  0  0  0  0  13 4  0  0  0  11 
5  14 2  16 0  0  0  0  6  0  0  10 1  7  13 4  
3  8  10 0  11 0  6  13 0  0  1  0  0  0  14 0  
6  0  0  0  4  1  9  0  15 0  0  0  0  0  16 2  
