0  0  10 12 0  0  16 4  9  0  15 0  0  0  11 2  
0  2  16 0  0  0  6  12 3  14 1  11 0  15 0  0  
0  0  0  5  7  1  15 0  0  10 4  0  0  0  13 0  
0  1  4  15 0  9  10 2  0  16 13 0  0  0  3  0  
0  0  0  0  0  0  0  0  0  12 8  3  0  0  0  6  
0  7  3  14 0  0  0  0  16 1  5  0  4  11 9  10 
0  5  0  0  11 0  0  16 0  0  2  0  7  8  12 0  
12 0  2  11 1  4  0  6  0  9  7  10 0  0  0  0  
0  0  0  6  0  0  4  9  0  0  3  1  0  0  15 0  
16 0  0  9  12 0  0  14 4  0  6  0  0  0  1  0  
14 0  11 3  0  8  0  15 0  2  0  16 13 0  7  0  
5  0  0  0  6  16 7  0  0  0  0  12 0  9  2  0  
0  0  15 0  14 0  0  8  7  5  0  0  3  0  10 0  
6  9  5  0  16 7  0  10 0  0  11 14 15 13 0  12 
8  0  14 7  0  13 12 0  0  0  10 15 16 4  6  5  
0  0  12 0  0  15 2  0  8  0  16 0  9  0  14 0  
