0  13 7  0  0  0  0  2  0  16 1  5  9  10 4  6  
2  0  6  5  0  7  0  8  0  10 14 0  1  16 11 0  
0  9  0  16 0  4  0  0  15 0  0  0  13 0  12 0  
12 10 14 3  0  1  16 13 11 6  0  7  0  0  0  5  
0  0  0  0  0  3  0  0  10 14 0  2  0  1  0  11 
0  0  10 15 13 0  0  0  0  0  0  8  0  0  0  2  
0  0  0  0  0  2  0  11 5  7  0  0  6  12 10 0  
0  2  0  7  0  0  10 0  0  0  12 0  0  0  0  0  
0  5  16 11 0  8  13 0  14 2  0  0  7  0  6  0  
0  7  0  0  0  10 0  0  9  0  6  0  0  0  0  0  
6  3  8  0  11 0  4  1  7  5  15 16 0  2  0  0  
14 15 4  10 2  16 6  7  3  12 8  11 0  0  0  13 
0  1  0  0  0  0  0  3  0  0  0  6  0  0  15 16 
0  0  0  0  5  15 0  0  4  0  16 10 0  0  7  1  
16 0  15 0  1  6  0  0  8  3  5  14 0  0  9  12 
7  0  3  4  10 13 0  16 1  0  0  0  14 5  2  0  
