0  0  0  15 8  0  9  16 3  0  13 0  0  0  0  0  
0  9  0  16 13 0  0  0  14 4  0  5  11 15 8  0  
0  0  12 0  10 0  2  5  0  16 7  0  9  13 0  14 
13 1  5  0  0  0  12 15 0  0  8  0  2  10 0  0  
0  11 2  8  0  13 4  6  0  7  0  0  0  0  0  0  
6  0  0  0  0  0  0  0  0  8  11 1  7  0  0  4  
0  3  4  1  0  12 16 8  6  5  14 0  0  2  13 0  
0  14 9  0  15 0  5  0  13 0  4  0  0  0  12 0  
15 0  14 2  0  0  0  0  4  9  10 13 6  0  0  1  
4  0  0  3  16 10 0  14 0  1  0  0  0  0  15 0  
0  0  11 0  0  2  6  13 16 0  0  7  0  0  4  0  
0  16 13 0  0  9  15 0  8  12 0  14 10 7  11 2  
0  7  16 14 0  0  0  10 0  0  9  4  12 11 2  0  
2  0  0  0  0  0  0  4  15 0  0  11 0  0  7  8  
0  12 0  4  7  0  0  0  2  3  16 0  1  9  0  0  
11 0  0  0  0  5  0  0  7  14 12 0  0  4  10 13 
