0  12 0  16 14 3  13 0  2  0  0  0  1  8  0  11 
13 0  8  0  0  16 4  0  0  0  7  0  0  0  14 15 
11 0  0  0  0  12 8  9  0  0  0  0  0  3  6  13 
14 0  1  3  15 0  10 0  9  4  13 8  2  0  7  16 
4  5  14 13 0  0  0  12 0  11 0  9  3  0  0  1  
0  10 0  0  13 14 15 0  5  0  1  2  12 0  11 4  
0  0  0  7  0  6  0  10 14 13 0  0  0  0  16 0  
2  16 0  0  0  9  0  0  0  0  12 0  7  0  0  0  
0  2  0  0  11 5  0  14 15 1  6  13 16 7  8  0  
0  8  0  5  7  0  9  0  0  0  2  16 11 0  0  0  
12 0  16 14 10 0  0  3  8  9  0  0  0  4  15 0  
0  7  15 0  16 1  6  0  4  0  0  0  0  0  0  12 
0  14 11 0  0  10 16 2  13 6  0  1  15 0  4  0  
0  3  0  0  0  0  1  13 0  0  8  0  14 0  0  6  
8  0  10 0  5  0  0  15 16 2  14 0  0  0  0  0  
15 13 0  0  0  8  0  6  11 0  0  0  0  16 0  0  
