0  0  0  13 0  10 0  2  0  0  0  7  6  8  1  0  
10 0  0  0  0  0  13 5  0  0  1  0  7  2  11 4  
11 7  0  4  0  0  0  1  10 13 0  0  0  5  0  14 
14 0  0  8  7  12 0  0  0  0  0  6  13 0  10 0  
0  10 0  6  0  7  0  0  0  14 0  2  0  1  12 9  
12 0  14 1  11 6  9  0  0  8  0  0  0  7  0  5  
7  4  0  3  12 0  0  0  0  9  0  10 2  11 15 8  
0  0  5  9  3  15 0  0  0  1  0  0  4  0  6  13 
4  0  0  0  16 11 8  7  3  0  15 0  0  0  0  6  
0  0  0  0  10 9  6  0  1  7  14 4  0  0  0  0  
0  9  0  11 0  13 5  15 0  0  0  12 0  0  0  0  
6  0  7  2  1  0  14 0  5  0  0  9  15 10 0  12 
9  0  0  0  13 0  7  0  0  0  0  15 0  16 4  0  
2  11 0  16 0  1  0  9  7  3  13 5  0  0  0  15 
13 14 12 15 0  0  0  6  0  10 0  1  11 0  0  0  
0  0  0  0  15 3  12 11 2  0  8  0  9  6  0  0  
