0  6  12 0  0  0  15 0  7  1  8  0  3  14 5  13 
10 11 0  3  0  0  0  12 0  14 6  5  15 0  8  1  
15 0  0  8  0  0  0  0  11 10 0  0  7  0  6  0  
0  2  13 7  0  0  0  0  0  0  12 15 0  0  0  0  
0  8  4  16 0  15 14 7  0  11 9  1  0  13 2  0  
9  0  0  0  0  0  0  0  0  0  0  0  14 0  0  0  
12 0  0  0  3  11 0  0  0  5  14 7  1  8  15 0  
0  0  10 14 6  0  0  13 4  8  15 0  0  5  16 11 
0  0  16 5  9  6  4  15 2  0  0  0  10 0  14 0  
0  14 7  0  0  3  0  0  0  12 0  6  11 15 0  2  
0  0  0  1  12 7  0  2  0  4  16 14 13 6  0  5  
13 9  0  2  5  0  0  1  15 0  10 0  4  7  0  16 
0  0  11 0  0  0  0  0  5  7  0  9  0  0  0  0  
8  0  14 15 0  0  0  11 0  6  4  0  5  0  10 7  
0  4  1  9  7  0  0  5  0  15 0  0  0  0  13 0  
7  5  3  0  15 0  6  0  14 0  1  0  0  11 0  0  
