0  0  0  0  0  0  16 0  12 9  0  2  1  0  0  7  
5  9  0  0  0  0  0  0  10 0  15 0  0  3  13 2  
10 7  0  6  0  15 0  1  0  0  13 3  0  14 4  16 
0  0  15 1  0  0  13 6  7  16 14 5  0  0  0  12 
0  0  0  0  4  10 2  9  5  0  3  15 8  1  12 0  
3  13 0  12 0  8  11 5  16 0  1  0  4  9  2  15 
8  0  9  0  16 0  6  0  13 0  0  14 10 5  0  0  
2  0  10 0  0  13 0  15 0  0  0  9  16 0  3  14 
7  6  0  0  11 0  8  0  0  0  0  0  14 12 15 1  
16 0  0  0  0  7  0  13 0  0  5  6  2  4  0  10 
0  0  3  0  6  0  14 0  0  0  0  0  0  0  0  5  
0  0  1  0  0  12 5  0  2  0  8  0  0  0  6  3  
9  0  14 11 13 0  0  7  1  0  0  4  0  2  5  8  
0  15 0  3  2  0  0  0  6  0  9  13 0  10 0  0  
12 0  13 8  0  9  0  11 0  14 0  0  0  0  1  0  
0  5  0  2  0  14 0  0  0  7  0  8  0  0  16 9  
